230 23 23
230 28 23
230 42 23
230 67 23
230 101 23
230 144 23
230 198 23
198 230 23
125 230 23
42 230 23
23 230 96
23 230 198
23 149 230
23 28 230
149 23 230
230 23 169
230 28 23
230 188 23
101 230 23
23 230 125
23 144 230
101 23 230
230 23 149
230 115 23
115 230 23
23 230 169
23 42 230
230 23 198
230 115 23
67 230 23
23 193 230
149 23 230
230 42 23
101 230 23
23 188 230
193 23 230
230 125 23
23 230 67
23 28 230
230 23 67
96 230 23
23 115 230
230 23 125
125 230 23
23 115 230
230 23 96
67 230 23
23 28 230
230 67 23
23 230 125
193 23 230
188 230 23
23 101 230
230 42 23
23 230 149
230 23 193
67 230 23
115 23 230
198 230 23
23 42 230
230 169 23
23 115 230
230 115 23
23 149 230
230 101 23
23 144 230
230 125 23
23 101 230
230 188 23
28 23 230
169 230 23
149 23 230
28 230 23
230 23 149
23 230 198
230 96 23
23 42 230
125 230 23
230 23 198
23 230 198
230 144 23
101 23 230
23 230 67
230 42 23
28 23 230
23 230 23
230 28 23
42 23 230
23 230 67
230 101 23
144 23 230
23 230 198
198 230 23
230 23 125
23 42 230
23 230 96
230 198 23
230 23 149
23 28 230
23 230 149
169 230 23
230 28 23
188 23 230
23 101 230
23 230 125
144 230 23
230 101 23
230 23 149
115 23 230
23 115 230
23 230 169
42 230 23
198 230 23
230 115 23
230 23 67
230 23 193
149 23 230
42 23 230
23 101 230
23 188 230
23 230 193
23 230 125
23 230 67
28 230 23
67 230 23
96 230 23
115 230 23
125 230 23
125 230 23
115 230 23
96 230 23
67 230 23
28 230 23
23 230 67
23 230 125
23 230 193
23 188 230
23 101 230
42 23 230
149 23 230
230 23 193
230 23 67
230 115 23
198 230 23
42 230 23
23 230 169
23 115 230
115 23 230
230 23 149
230 101 23
144 230 23
23 230 125
23 101 230
188 23 230
230 28 23
169 230 23
23 230 149
23 28 230
230 23 149
230 198 23
23 230 96
23 42 230
230 23 125
198 230 23
23 230 198
144 23 230
230 101 23
23 230 67
42 23 230
230 28 23
23 230 23
28 23 230
230 42 23
23 230 67
101 23 230
230 144 23
23 230 198
230 23 198
125 230 23
23 42 230
230 96 23
23 230 198
230 23 149
28 230 23
149 23 230
169 230 23
28 23 230
230 188 23
23 101 230
230 125 23
23 144 230
230 101 23
23 149 230
230 115 23
23 115 230
230 169 23
23 42 230
198 230 23
115 23 230
67 230 23
230 23 193
23 230 149
230 42 23
23 101 230
188 230 23
193 23 230
23 230 125
230 67 23
23 28 230
67 230 23
230 23 96
23 115 230
125 230 23
230 23 125
23 115 230
96 230 23
230 23 67
23 28 230
23 230 67
230 125 23
193 23 230
23 188 230
101 230 23
230 42 23
149 23 230
23 193 230
67 230 23
230 115 23
230 23 198
23 42 230
23 230 169
115 230 23
230 115 23
230 23 149
101 23 230
23 144 230
23 230 125
101 230 23
230 188 23
230 28 23
230 23 169
149 23 230
23 28 230
23 149 230
23 230 198
23 230 96
42 230 23
125 230 23
198 230 23
230 198 23
230 144 23
230 101 23
230 67 23
230 42 23
230 28 23
230 23 23
