230 23 23
230 28 23
230 62 23
230 154 23
125 230 23
23 230 217
230 23 212
23 230 38
230 33 23
230 23 198
230 23 120
164 230 23
159 23 230
23 86 230
140 23 230
144 230 23
230 101 23
106 230 23
230 23 183
230 23 149
23 230 72
42 230 23
135 23 230
81 23 230
174 230 23
96 230 23
230 23 115
203 230 23
230 130 23
23 52 230
230 23 169
222 23 230
23 227 230
230 23 110
230 188 23
230 193 23
230 23 67
23 57 230
208 230 23
23 76 230
230 23 47
91 230 23
23 178 230
178 23 230
230 91 23
23 230 47
76 23 230
230 208 23
57 23 230
23 230 67
193 230 23
188 230 23
23 230 110
227 23 230
23 222 230
23 230 169
52 23 230
130 230 23
230 203 23
23 230 115
230 96 23
230 174 23
23 81 230
23 135 230
230 42 23
230 23 72
23 230 149
23 230 183
230 106 23
101 230 23
230 144 23
23 140 230
86 23 230
23 159 230
230 164 23
23 230 120
23 230 198
33 230 23
230 23 37
23 230 213
230 23 217
230 125 23
154 230 23
62 230 23
28 230 23
23 230 23
23 230 28
23 230 62
23 230 154
23 125 230
217 23 230
212 230 23
38 23 230
23 230 33
198 230 23
120 230 23
23 164 230
230 159 23
230 23 86
230 140 23
23 144 230
23 230 101
23 105 230
183 230 23
149 230 23
72 23 230
23 43 230
230 135 23
230 81 23
23 174 230
23 96 230
115 230 23
23 203 230
23 230 130
230 23 52
169 230 23
230 222 23
230 23 227
110 230 23
23 230 188
23 230 193
67 230 23
230 23 57
23 208 230
230 23 76
47 230 23
23 91 230
230 23 178
230 179 23
23 230 92
48 23 230
230 76 23
23 230 208
230 57 23
67 23 230
23 193 230
23 188 230
110 23 230
230 227 23
230 23 223
169 23 230
230 52 23
23 130 230
23 230 203
115 23 230
23 230 96
23 230 174
230 23 81
230 23 134
23 230 42
72 230 23
149 23 230
183 23 230
23 230 106
23 101 230
23 230 145
230 23 139
230 86 23
230 23 158
23 230 164
120 23 230
198 23 230
23 33 230
37 230 23
213 23 230
218 230 23
23 230 125
23 154 230
23 62 230
23 29 230
23 24 230
27 23 230
61 23 230
155 23 230
230 23 125
230 217 23
23 213 230
230 37 23
32 23 230
23 198 230
23 121 230
230 23 163
23 230 159
85 230 23
23 230 140
230 23 144
100 23 230
230 23 105
23 184 230
23 150 230
230 71 23
230 23 42
23 230 135
23 230 82
230 23 173
230 23 96
23 116 230
230 23 202
131 23 230
51 230 23
23 169 230
23 230 222
228 230 23
23 108 230
189 23 230
194 23 230
23 65 230
58 230 23
230 23 207
78 230 23
23 46 230
230 23 91
179 230 23
23 230 176
92 23 230
230 47 23
23 230 75
209 23 230
23 230 55
230 67 23
230 23 192
230 23 188
230 110 23
23 230 225
223 230 23
230 168 23
23 230 50
230 23 129
204 23 230
230 115 23
97 23 230
175 23 230
83 230 23
136 230 23
44 23 230
23 70 230
230 149 23
230 183 23
107 23 230
230 23 100
146 23 230
141 230 23
23 230 84
160 230 23
165 23 230
230 120 23
230 197 23
230 23 33
23 36 230
230 212 23
23 215 230
126 23 230
230 23 154
230 23 62
230 23 28
230 23 23
