230 0 23
23 230 96
23 230 99
23 230 101
23 230 103
23 230 104
23 230 105
23 230 105
23 230 106
23 230 107
23 230 107
23 230 108
23 230 108
23 230 108
23 230 109
23 230 109
23 230 109
23 230 110
23 230 110
23 230 110
23 230 110
23 230 111
23 230 111
23 230 111
23 230 111
23 230 111
23 230 112
23 230 112
23 230 112
23 230 112
23 230 112
23 230 113
23 230 113
23 230 113
23 230 113
23 230 113
23 230 113
23 230 113
23 230 114
23 230 114
23 230 114
23 230 114
23 230 114
23 230 114
23 230 114
23 230 114
23 230 114
23 230 115
23 230 115
23 230 115
23 230 115
23 230 115
23 230 115
23 230 115
23 230 115
23 230 115
23 230 115
23 230 115
23 230 116
23 230 116
23 230 116
23 230 116
23 230 116
23 230 116
23 230 116
23 230 116
23 230 116
23 230 116
23 230 116
23 230 116
23 230 116
23 230 117
23 230 117
23 230 117
23 230 117
23 230 117
23 230 117
23 230 117
23 230 117
23 230 117
23 230 117
23 230 117
23 230 117
23 230 117
23 230 117
23 230 117
23 230 117
23 230 118
23 230 118
23 230 118
23 230 118
23 230 118
23 230 118
23 230 118
23 230 118
23 230 118
23 230 118
23 230 118
23 230 118
23 230 118
23 230 118
23 230 118
23 230 118
23 230 118
23 230 118
23 230 118
23 230 119
23 230 119
23 230 119
23 230 119
23 230 119
23 230 119
23 230 119
23 230 119
23 230 119
23 230 119
23 230 119
23 230 119
23 230 119
23 230 119
23 230 119
23 230 119
23 230 119
23 230 119
23 230 119
23 230 119
23 230 119
23 230 119
23 230 119
23 230 119
23 230 120
23 230 120
23 230 120
23 230 120
23 230 120
23 230 120
23 230 120
23 230 120
23 230 120
23 230 120
23 230 120
23 230 120
23 230 120
23 230 120
23 230 120
23 230 120
23 230 120
23 230 120
23 230 120
23 230 120
23 230 120
23 230 120
23 230 120
23 230 120
23 230 120
23 230 120
23 230 120
23 230 120
23 230 120
23 230 120
23 230 121
23 230 121
23 230 121
23 230 121
23 230 121
23 230 121
23 230 121
23 230 121
23 230 121
23 230 121
23 230 121
23 230 121
23 230 121
23 230 121
23 230 121
23 230 121
23 230 121
23 230 121
23 230 121
23 230 121
23 230 121
23 230 121
23 230 121
23 230 121
23 230 121
23 230 121
23 230 121
23 230 121
23 230 121
23 230 121
23 230 121
23 230 121
23 230 121
23 230 121
23 230 121
23 230 121
23 230 122
23 230 122
23 230 122
23 230 122
23 230 122
23 230 122
23 230 122
23 230 122
23 230 122
23 230 122
23 230 122
23 230 122
23 230 122
23 230 122
23 230 122
23 230 122
23 230 122
23 230 122
23 230 122
23 230 122
23 230 122
23 230 122
23 230 122
23 230 122
23 230 122
23 230 122
23 230 122
23 230 122
23 230 122
23 230 122
23 230 122
23 230 122
23 230 122
23 230 122
23 230 122
23 230 122
23 230 122
23 230 122
23 230 122
23 230 122
23 230 122
23 230 122
23 230 122
23 230 122
23 230 122
23 230 123
23 230 123
23 230 123
23 230 123
23 230 123
23 230 123
23 230 123
23 230 123
23 230 123
23 230 123
23 230 123
23 230 123
23 230 123
23 230 123
23 230 123
