230 23 23
230 28 23
230 33 23
230 38 23
230 42 23
230 23 23
230 28 23
230 33 23
230 38 23
230 42 23
230 23 23
230 28 23
230 33 23
230 38 23
230 42 23
230 23 23
230 28 23
230 33 23
230 38 23
230 42 23
230 23 23
230 28 23
230 33 23
230 38 23
230 42 23
230 23 23
230 28 23
230 33 23
230 38 23
230 42 23
230 23 23
230 28 23
230 33 23
230 38 23
230 42 23
230 23 23
230 28 23
230 33 23
230 38 23
230 42 23
230 23 23
230 28 23
230 33 23
230 38 23
230 42 23
230 23 23
230 28 23
230 33 23
230 38 23
230 42 23
230 23 23
230 28 23
230 33 23
230 38 23
230 42 23
230 23 23
230 28 23
230 33 23
230 38 23
230 42 23
230 23 23
230 28 23
230 33 23
230 38 23
230 42 23
230 23 23
230 28 23
230 33 23
230 38 23
230 42 23
230 23 23
230 28 23
230 33 23
230 38 23
230 42 23
230 23 23
230 28 23
230 33 23
230 38 23
230 42 23
230 23 23
230 28 23
230 33 23
230 38 23
230 42 23
230 23 23
230 28 23
230 33 23
230 38 23
230 42 23
230 23 23
230 28 23
230 33 23
230 38 23
230 42 23
230 23 23
230 28 23
230 33 23
230 38 23
230 42 23
230 23 23
230 28 23
230 33 23
230 38 23
230 42 23
230 23 23
230 28 23
230 33 23
230 38 23
230 42 23
230 23 23
230 28 23
230 33 23
230 38 23
230 42 23
230 23 23
230 28 23
230 33 23
230 38 23
230 42 23
230 23 23
230 28 23
230 33 23
230 38 23
230 42 23
230 23 23
230 28 23
230 33 23
230 38 23
230 42 23
230 23 23
230 28 23
230 33 23
230 38 23
230 42 23
230 23 23
230 28 23
230 33 23
230 38 23
230 42 23
230 23 23
230 28 23
230 33 23
230 38 23
230 42 23
230 23 23
230 28 23
230 33 23
230 38 23
230 42 23
230 23 23
230 28 23
230 33 23
230 38 23
230 42 23
230 23 23
230 28 23
230 33 23
230 38 23
230 42 23
230 23 23
230 28 23
230 33 23
230 38 23
230 42 23
230 23 23
230 28 23
230 33 23
230 38 23
230 42 23
230 23 23
230 28 23
230 33 23
230 38 23
230 42 23
230 23 23
230 28 23
230 33 23
230 38 23
230 42 23
230 23 23
230 28 23
230 33 23
230 38 23
230 42 23
230 23 23
230 28 23
230 33 23
230 38 23
230 42 23
230 23 23
230 28 23
230 33 23
230 38 23
230 42 23
230 23 23
230 28 23
230 33 23
230 38 23
230 42 23
230 23 23
230 28 23
230 33 23
230 38 23
230 42 23
230 23 23
230 28 23
230 33 23
230 38 23
230 42 23
230 23 23
230 28 23
230 33 23
230 38 23
230 42 23
230 23 23
230 28 23
230 33 23
230 38 23
230 42 23
230 23 23
230 28 23
230 33 23
230 38 23
230 42 23
230 23 23
230 28 23
230 33 23
230 38 23
230 42 23
230 23 23
230 28 23
230 33 23
230 38 23
230 42 23
230 23 23
230 28 23
230 33 23
230 38 23
230 42 23
230 23 23
230 28 23
230 33 23
230 38 23
230 42 23
230 23 23
230 28 23
230 33 23
230 38 23
230 42 23
230 23 23
230 28 23
230 33 23
230 38 23
230 42 23
230 23 23
