230 23 23
230 28 23
230 30 23
230 31 23
230 33 23
230 34 23
230 35 23
230 36 23
230 37 23
230 38 23
230 38 23
230 39 23
230 40 23
230 40 23
230 41 23
230 42 23
230 42 23
230 43 23
230 44 23
230 44 23
230 45 23
230 45 23
230 46 23
230 46 23
230 47 23
230 47 23
230 48 23
230 48 23
230 49 23
230 49 23
230 50 23
230 50 23
230 50 23
230 51 23
230 51 23
230 52 23
230 52 23
230 53 23
230 53 23
230 53 23
230 54 23
230 54 23
230 54 23
230 55 23
230 55 23
230 56 23
230 56 23
230 56 23
230 57 23
230 57 23
230 57 23
230 58 23
230 58 23
230 58 23
230 59 23
230 59 23
230 59 23
230 60 23
230 60 23
230 60 23
230 61 23
230 61 23
230 61 23
230 62 23
230 62 23
230 62 23
230 62 23
230 63 23
230 63 23
230 63 23
230 64 23
230 64 23
230 64 23
230 64 23
230 65 23
230 65 23
230 65 23
230 66 23
230 66 23
230 66 23
230 66 23
230 67 23
230 67 23
230 67 23
230 67 23
230 68 23
230 68 23
230 68 23
230 69 23
230 69 23
230 69 23
230 69 23
230 70 23
230 70 23
230 70 23
230 70 23
230 71 23
230 71 23
230 71 23
230 71 23
230 72 23
230 72 23
230 72 23
230 72 23
230 73 23
230 73 23
230 73 23
230 73 23
230 73 23
230 74 23
230 74 23
230 74 23
230 74 23
230 75 23
230 75 23
230 75 23
230 75 23
230 76 23
230 76 23
230 76 23
230 76 23
230 76 23
230 77 23
230 77 23
230 77 23
230 77 23
230 78 23
230 78 23
230 78 23
230 78 23
230 78 23
230 79 23
230 79 23
230 79 23
230 79 23
230 79 23
230 80 23
230 80 23
230 80 23
230 80 23
230 80 23
230 81 23
230 81 23
230 81 23
230 81 23
230 81 23
230 82 23
230 82 23
230 82 23
230 82 23
230 82 23
230 83 23
230 83 23
230 83 23
230 83 23
230 83 23
230 84 23
230 84 23
230 84 23
230 84 23
230 84 23
230 85 23
230 85 23
230 85 23
230 85 23
230 85 23
230 86 23
230 86 23
230 86 23
230 86 23
230 86 23
230 87 23
230 87 23
230 87 23
230 87 23
230 87 23
230 87 23
230 88 23
230 88 23
230 88 23
230 88 23
230 88 23
230 89 23
230 89 23
230 89 23
230 89 23
230 89 23
230 89 23
230 90 23
230 90 23
230 90 23
230 90 23
230 90 23
230 90 23
230 91 23
230 91 23
230 91 23
230 91 23
230 91 23
230 92 23
230 92 23
230 92 23
230 92 23
230 92 23
230 92 23
230 93 23
230 93 23
230 93 23
230 93 23
230 93 23
230 93 23
230 94 23
230 94 23
230 94 23
230 94 23
230 94 23
230 94 23
230 95 23
230 95 23
230 95 23
230 95 23
230 95 23
230 95 23
230 96 23
230 96 23
230 96 23
230 96 23
230 96 23
230 96 23
230 96 23
230 97 23
230 97 23
230 97 23
230 97 23
230 97 23
230 97 23
230 98 23
230 98 23
230 98 23
230 98 23
230 98 23
230 98 23
230 99 23
230 99 23
230 99 23
230 99 23
230 99 23
230 99 23
230 99 23
230 100 23
230 100 23
230 100 23
230 100 23
230 100 23
230 100 23
230 101 23
