230 23 23
230 28 23
230 33 23
230 38 23
230 42 23
230 47 23
230 52 23
230 57 23
230 62 23
230 67 23
230 72 23
230 76 23
230 81 23
230 86 23
230 91 23
230 96 23
230 101 23
230 23 23
230 28 23
230 33 23
230 38 23
230 42 23
230 47 23
230 52 23
230 57 23
230 62 23
230 67 23
230 72 23
230 76 23
230 81 23
230 86 23
230 91 23
230 96 23
230 101 23
230 23 23
230 28 23
230 33 23
230 38 23
230 42 23
230 47 23
230 52 23
230 57 23
230 62 23
230 67 23
230 72 23
230 76 23
230 81 23
230 86 23
230 91 23
230 96 23
230 101 23
230 23 23
230 28 23
230 33 23
230 38 23
230 42 23
230 47 23
230 52 23
230 57 23
230 62 23
230 67 23
230 72 23
230 76 23
230 81 23
230 86 23
230 91 23
230 96 23
230 101 23
230 23 23
230 28 23
230 33 23
230 38 23
230 42 23
230 47 23
230 52 23
230 57 23
230 62 23
230 67 23
230 72 23
230 76 23
230 81 23
230 86 23
230 91 23
230 96 23
230 101 23
230 23 23
230 28 23
230 33 23
230 38 23
230 42 23
230 47 23
230 52 23
230 57 23
230 62 23
230 67 23
230 72 23
230 76 23
230 81 23
230 86 23
230 91 23
230 96 23
230 101 23
230 23 23
230 28 23
230 33 23
230 38 23
230 42 23
230 47 23
230 52 23
230 57 23
230 62 23
230 67 23
230 72 23
230 76 23
230 81 23
230 86 23
230 91 23
230 96 23
230 101 23
230 23 23
230 28 23
230 33 23
230 38 23
230 42 23
230 47 23
230 52 23
230 57 23
230 62 23
230 67 23
230 72 23
230 76 23
230 81 23
230 86 23
230 91 23
230 96 23
230 101 23
230 23 23
230 28 23
230 33 23
230 38 23
230 42 23
230 47 23
230 52 23
230 57 23
230 62 23
230 67 23
230 72 23
230 76 23
230 81 23
230 86 23
230 91 23
230 96 23
230 101 23
230 23 23
230 28 23
230 33 23
230 38 23
230 42 23
230 47 23
230 52 23
230 57 23
230 62 23
230 67 23
230 72 23
230 76 23
230 81 23
230 86 23
230 91 23
230 96 23
230 101 23
230 23 23
230 28 23
230 33 23
230 38 23
230 42 23
230 47 23
230 52 23
230 57 23
230 62 23
230 67 23
230 72 23
230 76 23
230 81 23
230 86 23
230 91 23
230 96 23
230 101 23
230 23 23
230 28 23
230 33 23
230 38 23
230 42 23
230 47 23
230 52 23
230 57 23
230 62 23
230 67 23
230 72 23
230 76 23
230 81 23
230 86 23
230 91 23
230 96 23
230 101 23
230 23 23
230 28 23
230 33 23
230 38 23
230 42 23
230 47 23
230 52 23
230 57 23
230 62 23
230 67 23
230 72 23
230 76 23
230 81 23
230 86 23
230 91 23
230 96 23
230 101 23
230 23 23
230 28 23
230 33 23
230 38 23
230 42 23
230 47 23
230 52 23
230 57 23
230 62 23
230 67 23
230 72 23
230 76 23
230 81 23
230 86 23
230 91 23
230 96 23
230 101 23
230 23 23
230 28 23
230 33 23
230 38 23
230 42 23
230 47 23
230 52 23
230 57 23
230 62 23
230 67 23
230 72 23
230 76 23
230 81 23
230 86 23
230 91 23
230 96 23
230 101 23
230 23 23
